2366.0 4063.0 0.631980090216
2675.0 3754.0 0.58391662778
3326.0 3103.0 0.482656711775
4022.0 2407.0 0.374397262405
4429.0 2000.0 0.311090371753
4645.0 1784.0 0.277492611604
4777.0 1652.0 0.256960647068
4828.0 1601.0 0.249027842588
4824.0 1605.0 0.249650023332
4846.0 1583.0 0.246228029242
4855.0 1574.0 0.24482812257
4860.0 1569.0 0.24405039664
4854.0 1575.0 0.244983667755
4857.0 1572.0 0.244517032198
4848.0 1581.0 0.245916938871
4846.0 1583.0 0.246228029242
4850.0 1579.0 0.245605848499
4839.0 1590.0 0.247316845544
4835.0 1594.0 0.247939026287
4842.0 1587.0 0.246850209986
4836.0 1593.0 0.247783481101
4834.0 1595.0 0.248094571473
4829.0 1600.0 0.248872297402
4827.0 1602.0 0.249183387774
4822.0 1607.0 0.249961113704
4822.0 1607.0 0.249961113704
#
2169.0 4260.0 0.662622491834
2322.0 4107.0 0.638824078395
2622.0 3807.0 0.592160522632
3161.0 3268.0 0.508321667444
3822.0 2607.0 0.40550629958
4316.0 2113.0 0.328666977757
4557.0 1872.0 0.291180587961
4671.0 1758.0 0.273448436771
4715.0 1714.0 0.266604448592
4745.0 1684.0 0.261938093016
4775.0 1654.0 0.25727173744
4760.0 1669.0 0.259604915228
4768.0 1661.0 0.258360553741
4759.0 1670.0 0.259760460414
4750.0 1679.0 0.261160367087
4746.0 1683.0 0.26178254783
4746.0 1683.0 0.26178254783
4744.0 1685.0 0.262093638202
4746.0 1683.0 0.26178254783
4743.0 1686.0 0.262249183388
4746.0 1683.0 0.26178254783
4749.0 1680.0 0.261315912273
4750.0 1679.0 0.261160367087
4749.0 1680.0 0.261315912273
4750.0 1679.0 0.261160367087
#
4634.0 1795.0 0.279203608648
4748.0 1681.0 0.261471457458
4822.0 1607.0 0.249961113704
4860.0 1569.0 0.24405039664
4893.0 1536.0 0.238917405506
4906.0 1523.0 0.23689531809
4918.0 1511.0 0.235028775859
4921.0 1508.0 0.234562140302
4925.0 1504.0 0.233939959558
4941.0 1488.0 0.231451236584
4941.0 1488.0 0.231451236584
4947.0 1482.0 0.230517965469
4951.0 1478.0 0.229895784725
4956.0 1473.0 0.229118058796
4956.0 1473.0 0.229118058796
4960.0 1469.0 0.228495878053
4966.0 1463.0 0.227562606937
4965.0 1464.0 0.227718152123
4966.0 1463.0 0.227562606937
4961.0 1468.0 0.228340332867
4964.0 1465.0 0.227873697309
4963.0 1466.0 0.228029242495
4963.0 1466.0 0.228029242495
4958.0 1471.0 0.228806968424
4961.0 1468.0 0.228340332867
4961.0 1468.0 0.228340332867
#
2559.0 3870.0 0.601959869342
2861.0 3568.0 0.554985223207
3224.0 3205.0 0.498522320734
3664.0 2765.0 0.430082438949
4098.0 2331.0 0.362575828278
4331.0 2098.0 0.326333799969
4422.0 2007.0 0.312179188054
4517.0 1912.0 0.297402395396
4571.0 1858.0 0.289002955359
4598.0 1831.0 0.28480323534
4631.0 1798.0 0.279670244206
4653.0 1776.0 0.276248250117
4680.0 1749.0 0.272048530098
4692.0 1737.0 0.270181987867
4703.0 1726.0 0.268470990823
4708.0 1721.0 0.267693264893
4705.0 1724.0 0.268159900451
4705.0 1724.0 0.268159900451
4708.0 1721.0 0.267693264893
4717.0 1712.0 0.266293358221
4715.0 1714.0 0.266604448592
4713.0 1716.0 0.266915538964
4716.0 1713.0 0.266448903406
4719.0 1710.0 0.265982267849
4724.0 1705.0 0.265204541919
4722.0 1707.0 0.265515632291
#
4442.0 1987.0 0.309068284337
4498.0 1931.0 0.300357753928
4555.0 1874.0 0.291491678333
4592.0 1837.0 0.285736506455
4639.0 1790.0 0.278425882719
4676.0 1753.0 0.272670710841
4705.0 1724.0 0.268159900451
4722.0 1707.0 0.265515632291
4758.0 1671.0 0.2599160056
4791.0 1638.0 0.254783014466
4814.0 1615.0 0.251205475191
4833.0 1596.0 0.248250116659
4848.0 1581.0 0.245916938871
4856.0 1573.0 0.244672577384
4873.0 1556.0 0.242028309224
4882.0 1547.0 0.240628402551
4893.0 1536.0 0.238917405506
4898.0 1531.0 0.238139679577
4898.0 1531.0 0.238139679577
4903.0 1526.0 0.237361953648
4914.0 1515.0 0.235650956603
4920.0 1509.0 0.234717685488
4925.0 1504.0 0.233939959558
4933.0 1496.0 0.232695598071
4940.0 1489.0 0.23160678177
4947.0 1482.0 0.230517965469
#
3561.0 2868.0 0.446103593094
3746.0 2683.0 0.417327733707
3896.0 2533.0 0.393995955825
3995.0 2434.0 0.378596982423
4095.0 2334.0 0.363042463836
4154.0 2275.0 0.353865297869
4211.0 2218.0 0.344999222274
4256.0 2173.0 0.33799968891
4320.0 2109.0 0.328044797014
4354.0 2075.0 0.322756260694
4391.0 2038.0 0.317001088816
4431.0 1998.0 0.310779281381
4470.0 1959.0 0.304713019132
4499.0 1930.0 0.300202208742
4518.0 1911.0 0.29724685021
4534.0 1895.0 0.294758127236
4562.0 1867.0 0.290402862031
4581.0 1848.0 0.2874475035
4589.0 1840.0 0.286203142013
4599.0 1830.0 0.284647690154
4612.0 1817.0 0.282625602738
4622.0 1807.0 0.281070150879
4637.0 1792.0 0.278736973091
4652.0 1777.0 0.276403795303
4667.0 1762.0 0.274070617514
4675.0 1754.0 0.272826256027
#
4056.0 2373.0 0.369108726085
4270.0 2159.0 0.335822056307
4434.0 1995.0 0.310312645824
4508.0 1921.0 0.298802302069
4558.0 1871.0 0.291025042775
4588.0 1841.0 0.286358687199
4616.0 1813.0 0.282003421994
4617.0 1812.0 0.281847876808
4607.0 1822.0 0.283403328667
4606.0 1823.0 0.283558873853
4608.0 1821.0 0.283247783481
4606.0 1823.0 0.283558873853
4610.0 1819.0 0.282936693109
4602.0 1827.0 0.284181054596
4598.0 1831.0 0.28480323534
4597.0 1832.0 0.284958780526
4595.0 1834.0 0.285269870897
4598.0 1831.0 0.28480323534
4598.0 1831.0 0.28480323534
4600.0 1829.0 0.284492144968
4591.0 1838.0 0.285892051641
4589.0 1840.0 0.286203142013
4594.0 1835.0 0.285425416083
4596.0 1833.0 0.285114325712
4590.0 1839.0 0.286047596827
4575.0 1854.0 0.288380774615
#